$ANSIBLE_VAULT;1.1;AES256
35613432353662653131623163656565373035343465336438393661343232623163323230333734
6563356462306232306439313034646261633932616235660a323535616665306330313834303830
63373930643837656133656262303531386336363535623330373064376566363865346230363132
6663313530663464380a656466626639666533326237313161303736356531666634396138623038
64656365383230633563326366346230626631346163393563613930363861356664316430383038
63646234653466316536633438383633613363386135663636666164356364383234636561353533
39343730623230336164303839633231373064636161363332643633313064383134623338386337
65363132663265666630663833316538666161363565636264613330373563643032356135383465
35643031613234343939393138376333646363393962663738623631343939346665653362353761
66643864373037613539383666316461306663303039373436396430326637636534656163346234
33663434343837613366626561373531623538623663393162306132633738306438613733366436
62626361373163303639323166363434636464633161656434366265356666653061373061386661
33336362653866393861316362616461383532666663306437373632343836333834343638636231
38626131633366623933633630303632373432663738396130366231343838623032643134376637
35363533306333346564323165313062663762393563343236333763633535333363313939653831
36383433663363363436353531393461366662343236643863346232623631326666333233383935
3632
